1 2053 0:00:00.645683
2 1874 0:00:01.287729
4 981 0:00:02.125567
5 964 0:00:02.322905
6 950 0:00:02.521654
7 949 0:00:02.720050
11 916 0:00:03.515716
152 906 0:00:59.526204
223 903 0:01:25.987383
667 880 0:04:02.210596
[21, 73, 74, 75, 22, 2, 57, 15, 42, 43, 38, 44, 14, 100, 37, 92, 59, 99, 96, 6, 60, 84, 5, 83, 8, 45, 46, 82, 48, 7, 88, 62, 10, 90, 63, 11, 64, 19, 36, 47, 49, 52, 89, 18, 27, 101, 53, 26, 12, 80, 68, 77, 33, 81, 78, 29, 24, 55, 54, 4, 56, 23, 39, 67, 25, 72, 58, 13, 94, 95, 97, 87, 91, 85, 98, 93, 61, 16, 86, 17, 20, 51, 50, 76, 3, 79, 34, 9, 71, 35, 65, 66, 32, 70, 30, 69, 31, 1, 28, 40, 41]